99
96
27
5
45
44
38
25
0
0
0
0
0
19
22
0
0
42
44
21
0
0
30
128
135
126
133
136
131
132
122
0
0
0
0
0
0
0
0
0
0
0
0
0
0
0
0
0
0
0
81
50
88
122
0
0
0
0
0
17
26
30
60
20
0
0
0
0
0
0
2
35
27
47
196
213
205
199
193
0
40
126
35
0
237
260
256
253
251
0
0
1
24
0
269
342
335
329
326
326
324
323
317
302
264
0
0
0
17
17
14
48
43
56
215
219
216
213
211
207
205
209
214
216
209
206
204
203
201
193
194
15
28
233
231
13
0
55
80
53
51
86
100
132
125
104
96
101
0
0
